106
605
920
1106
166
4919
361
1130
259
906
1123
4507
214
626
4891
126
1407
1097
5132
138
142
698
1243
276
563
702
230
2146
61
378
6483
51
1427
922
887
4842
896
552
1346
4197
1066
984
5292
161
135
558
4659
5237
684
741
6559
8
4506
4198
55
6175
4234
4729
6890
4624
5135
6632
667
835
108
269
1255
1351
4422
1074
2403
205
671
4902
2018
4380
408
2130
1098
123
2233
2391
112
6362
5075
6001
5277
331
4857
4928
6291
6414
101
1326
978
292
4168
4458
752
6411
294
5031
1249
448
2002
658
178
1271
843
4419
717
210
173
4076
5294
4721
4275
602
4499
4254
229
4081
5219
4294
1030
555
4415
1190
4138
4149
952
2010
467
2022
4960
6731
4240
7086
6534
6243
6657
1389
1331
2123
4432
6604
915
2036
4746
548
4765
1318
4675
6668
985
925
1406
2367
2332
2389
2216
539
1116
4712
4434
1117
42
914
869
572
2234
4607
69
5234
4349
6810
6634
5285
171
2
520
420
4290
522
4171
7029
7013
4096
4844
6744
7032
6688
6682
6724
6788
4807
4945
6770
4873
160
6871
1408
4245
6857
2007
227
4162
4888
2150
1268
1057
2398
501
416
4444
1425
649
376
1043
363
588
384
4346
2210
778
2220
1004
5273
7024
4652
6326
545
680
5214
1222
2106
7060
4385
6681
2047
6297
6640
6034
4402
4584
6805
6852
2316
4936
7000
4785
4750
4250
4595
6916
4035
4689
1169
5258
5130
997
514
217
872
830
1080
4189
5121
5026
4680
2185
1352
2087
4638
6319
4121
6330
6173
6312
6327
5166
7016
729
4041
2381
2219
2245
6402
4869
4514
770
1300
709
1072
4210
2395
2213
2374
4744
1118
2052
6512
6869
2124
4611
4531
505
2336
4131
4943
6252
15
459
5269
6189
5227
7068
6644
6240
6903
6804
6755
7070
6497
4757
6929
6964
4243
2248
4157
4203
6908
4426
6133
232
5083
981
125
907
315
5228
4585
618
934
159
686
6396
4003
1256
5109
6168
5288
6118
5243
298
5200
1206
1232
6288
4335
923
6147
4148
6885
4058
6906
4929
7088
4661
4542
4363
4784
6693
6525
6345
4720
4947
10240
10356
10036
10047
6329
4858
2376
7083
6611
6811
4883
4054
4815
6371
5096
5263
6834
6144
6988
4577
6920
6713
169
6480
4548
4220
4218
7051
6502
6939
4958
4918
6863
4668
4530
6911
7117
4366
4102
6360
6473
6704
6436
4050
6343
4843
6104
6351
1202
4057
4263
4406
4515
6467
6878
6844
4079
4005
4796
4596
4042
4823
6887
4185
557
2183
4455
4804
200
2405
6544
4926
479
382
4951
4086
4350
4090
4488
441
5296
74
5091
5175
5207
10009
6199
6300
6046
6061
4641
6016
4276
172
685
58
96
6621
419
6203
113
6183
4872
5170
863
4384
1250
1212
4952
337
5057
4557
1378
150
4217
6926
4742
6336
6643
7021
5007
2347
6689
6612
6610
6965
6598
6842
4327
4073
6800
6652
6103
6494
7082
1046
644
2249
4636
116
4405
2196
4498
307
4463
6586
6703
4301
2390
546
4896
2100
1246
6721
4653
6056
2200
1286
6085
4441
6323
23
6136
734
257
4060
4900
4119
5141
1016
6226
6306
6468
6409
6404
6375
6313
6551
5271
6024
6582
6308
6896
4832
6244
6457
6259
6577
6186
6115
6872
6917
4555
2193
120
6374
6439
5171
6202
5167
31
295
6429
6581
4612
6400
6266
6515
272
6146
6510
824
5185
6038
6509
5169
6014
637
6357
72
4645
5266
519
610
926
6025
5177
4604
5118
969
6304
553
5093
4480
2099
7025
4980
6789
6220
6989
2042
4696
2109
4307
4136
5099
6825
2142
6498
6877
7015
4966
4591
4971
4467
4990
4849
6726
4646
4009
6389
2190
6057
6053
6385
6049
6504
6412
4391
867
225
2360
6757
1045
1032
6635
2077
4571
2031
2407
4594
1187
6446
107
285
2182
4012
2093
2060
2191
1417
1419
6427
2063
2238
4287
6354
6283
7089
6008
6059
6941
7114
6773
6797
6472
7059
6415
5280
6564
6293
6234
4279
1242
7100
6386
5256
5159
7043
6117
6476
5079
7050
6384
6237
6966
6359
6500
6493
6470
6699
6950
6275
5295
7012
5199
6653
7011
5236
6273
6914
6348
6170
6978
4503
6335
6188
6228
260
5194
6097
130
6164
352
6200
5056
10124
10023
10017
10152
4906
4887
6143
5016
4792
10351
5032
4494
4282
6433
6861
4215
6622
6742
2026
6798
6777
2125
6961
6616
4626
4885
6110
6378
6784
6370
4568
6830
4089
6047
7073
6733
6315
6927
4630
6748
7105
6683
5066
6072
6651
4500
4987
6679
5029
6549
4791
6002
7071
4001
5113
951
4469
6574
4644
6401
6116
1288
2357
6874
6179
4941
4827
4898
4769
4678
6719
715
6015
6054
498
6058
6422
4649
6570
1023
6292
5154
6069
6067
6488
6346
6065
6094
6314
6005
6320
4382
1269
291
1380
1034
2151
6735
5037
2205
6264
4379
4377
4949
4392
6075
4922
4877
