106
605
920
1106
166
4919
361
1130
259
906
1123
4507
214
626
4891
126
1407
1097
5132
138
142
698
1243
276
563
702
230
2146
61
378
6483
51
1427
922
887
4842
896
552
1346
4197
1066
984
5292
161
135
558
4659
5237
684
741
6559
8
4506
4198
55
6175
4234
4729
6890
4624
5135
6632
667
835
108
269
1255
1351
4422
1074
2403
205
671
4902
2018
4380
408
2130
1098
123
2233
2391
112
6362
5075
6001
5277
331
4857
4928
6291
6414
101
1326
978
292
4168
4458
752
6411
294
5031
1249
448
2002
658
178
1271
843
4419
717
210
173
4076
5294
4721
4275
602
4499
4254
229
4081
5219
4294
1030
555
4415
1190
4138
4149
952
2010
467
2022
4960
6731
4240
7086
6534
6243
6657
1389
1331
2123
4432
6604
915
2036
4746
548
4765
1318
4675
6668
985
925
1406
2367
2332
2389
2216
539
1116
4712
4434
1117
42
914
869
572
2234
4607
69
5234
4349
6810
6634
5285
171
2
520
420
4290
522
4171
7029
7013
4096
4844
6744
7032
6688
6682
6724
6788
4807
4945
6770
4873
160
6871
1408
4245
6857
2007
227
4162
4888
2150
1268
1057
2398
501
416
4444
1425
649
376
1043
363
588
384
4346
2210
778
2220
1004
5273
7024
4652
6326
545
680
5214
1222
2106
7060
4385
6681
2047
6297
6640
6034
4402
4584
6805
6852
2316
4936
7000
4785
4750
4250
4595
6916
4035
4689
1169
5258
5130
997
514
217
872
830
1080
4189
5121
5026
4680
2185
1352
2087
4638
6319
4121
6330
6173
6312
6327
5166
7016
729
4041
2381
4131
4943
6252
15
459
5269
6189
5227
7068
6644
6240
6903
6804
6755
7070
6497
4757
6929
6964
4243
2248
4157
4203
6908
4426
6133
232
6885
4058
6906
4929
7088
4661
4542
4363
4784
6693
6525
6345
4720
4947
10240
10356
10036
10047
4883
4054
4815
6371
5096
5263
6834
6144
6988
4577
6920
4218
7051
6502
6939
4958
4918
6863
4668
4530
6911
7117
4366
4102
1202
4057
4263
4406
4515
6467
6878
6844
4079
4005
4796
4596
4042
4823
6887
5207
10009
6199
6046
6061
4641
6800
6652
