106
605
920
1106
166
4919
361
1130
259
906
1123
4507
214
626
4891
126
1407
1097
5132
138
142
698
1243
276
563
702
230
2146
61
378
6483
51
1427
922
887
4842
896
552
1346
4197
1066
984
5292
161
135
558
4659
5237
684
741
6559
8
4506
4198
55
6175
4234
4729
6890
4624
5135
6632
667
835
108
269
1255
1351
4422
1074
2403
205
671
4902
2018
4380
408
2130
1098
123
2233
2391
112
6362
5075
6001
5277
717
210
173
4076
5294
4721
4294
1030
555
4415
1190
4138
4149
952
2010
467
2022
4960
6731
4607
69
5234
4349
6634
5285
2219
2245
6402
4869
4514
770
1300
709
1072
4210
2395
2213
2374
4744
1118
2052
6512
6869
2124
4611
4531
505
2336
5083
981
125
907
315
5228
4585
618
934
159
686
6396
4003
1256
5109
6168
5288
6118
5243
298
5200
1206
1232
6288
4335
923
6147
4148
6329
4858
2376
7083
6611
6811
6713
169
6480
4548
4220
6360
6473
6704
6436
4050
6343
4843
6104
6351
479
382
4951
4086
4350
4090
4488
441
5296
74
5091
5175
6300
5057
4557
1378
150
4217
6926
4742
6336
6103
6494
7082
1286
6085
4441
6323
23
6136
734
257
4060
4900
4119
5141
1016
6226
6057
6053
6385
6049
6504
6412
4391
