106
605
920
1106
166
4919
361
1130
259
906
1123
4507
214
626
4891
126
1407
1097
5132
138
142
698
1243
276
563
702
230
2146
61
378
6483
51
1427
922
887
4842
896
552
1346
4197
1066
984
5292
161
135
558
4659
5237
684
741
6559
8
4506
4198
55
6175
4234
4729
6890
4624
5135
6632
667
835
108
269
1255
1351
6362
5075
6001
5277
331
4857
4928
6291
6414
101
1326
978
292
4168
4458
752
6411
294
5031
1249
448
2002
658
178
1271
843
4419
717
4275
602
4499
4254
229
4081
5219
4240
7086
6534
6243
6657
1389
1331
548
4765
1318
4675
6668
985
925
1406
2367
2332
2389
2216
539
1116
4712
4434
1117
42
914
869
572
2234
6810
171
2
520
420
4290
522
4844
6744
7032
6688
6682
6724
6788
4807
4945
6770
4873
160
6871
1408
4245
6857
2007
227
4162
4888
2150
1268
1057
2398
1425
649
376
1043
363
7024
4652
6326
545
680
5214
1222
2106
7060
4385
6681
2047
6297
6640
6034
4402
4584
6805
6852
2316
4936
7000
997
514
217
872
830
1080
4638
6319
4121
6330
6173
6312
6327
5166
7016
2219
2245
6402
4869
4514
770
1300
709
1072
4210
2395
2213
2374
4744
1118
2052
6512
6869
2124
4611
4531
505
2336
15
459
5083
981
125
907
315
5228
4585
618
934
159
686
6396
4003
1256
5109
6168
5288
6118
5243
298
5200
1206
1232
6288
4335
923
6147
4148
6329
4858
2376
7083
6611
6811
6360
6473
6704
6436
4050
6343
4843
6104
6351
4185
557
2183
4455
4804
200
2405
6544
4926
479
6016
4276
172
685
58
96
6621
419
6203
113
6183
4872
5170
863
4384
1250
1212
4952
337
6643
7021
5007
2347
6689
6612
6610
6965
6598
6842
4327
4073
1046
644
6586
6703
4301
2390
546
4896
2100
1246
6721
4653
6056
2200
6306
6468
6409
6404
6375
6313
6551
5271
6024
6582
6308
6896
4832
6244
6457
6259
6577
6186
6115
6872
6917
4555
2193
272
6146
6510
824
5185
6038
6509
5169
6014
637
6357
72
4645
5266
519
610
926
6025
5177
4604
5118
969
6304
553
5093
4307
4136
5099
6825
2142
6498
6877
7015
4966
4591
4971
4467
4990
4849
6726
4646
4009
6389
2190
867
225
2360
6757
1045
1032
6635
2077
4571
2031
2407
4594
1187
6446
1417
1419
6234
4279
1242
7100
6386
5256
5159
7043
6117
6476
5079
7050
6384
6237
6966
6359
6500
6493
6470
6699
6950
6275
5295
7012
5199
6653
7011
5236
6273
6914
6348
6170
6978
4503
6335
6188
6228
260
5194
6097
130
6164
352
6200
5032
4494
4282
6433
6861
4215
6622
6742
2026
6798
6777
2125
6961
6616
4626
4885
6110
6378
6784
6370
4568
6830
4089
6047
7073
6733
6315
6927
4630
6748
7105
6683
5066
6072
6651
4500
4987
6679
5029
6549
4791
6002
7071
4001
1288
715
1269
291
1380
1034
4586
6963
6942
6995
6730
6516
6318
6043
6734
6111
6209
6269
6925
6256
6448
7006
6253
6996
7042
6138
6519
6148
6994
6044
6393
6452
6992
6418
6940
6066
7010
4449
6233
6831
6751
7122
6915
6157
4516
4421
6224
6277
7062
5158
6542
6485
6952
5110
6349
6413
6998
5197
4560
6459
5127
6722
6105
6931
6037
7004
7076
4018
6019
6987
6948
7074
6993
6999
5213
886
